-- listing properties --
last.longitude=-122.38016666666667
last.latitude=37.66433333333333
